1111001110000110110110001001010010001010000010000110100010000000
0000000011000010100111111001111001101111111001100111000011110010
0000111101001010110101101110110100101111011100011101100101010101
0110010110001110101011111000000110110011111010001111111011111100
0110010000110010111001001111001101001001010011100111010011101111
0101100001010101100100001100111011000110101010111000101011000101
0100001011011110011111000100             10100110000010111000001
11100000001100100100010101                  01111000011000100000
0101101101101100001001111                      11100000111110110
0101001111001110010001000                         01001001111100
110100010111001001110000                           0101000010101
010111010010110000010001        00111100            101111011001
1001110111110011100111      1100110110001111         10111000110
10000111001010101101      01111111101010010100       11001010011
1111101110100010100      110011110001000100111        1001001111
100110000101110110       001110010001101010000       11010010111
101110010100101011               00011               11010110000
01010010111011000         01     1011        1        1010010000
1000010000111110        0       11100                 0010010100
0000000111110010  1    011010111011111110     10     11001111111
0100110000000011      00100011111101100011100101     10000001111
0000101100010111      101100010        000001101    000001010010
01101100101011100     011001001        101001011   1101110101000
011100101110110010     00101            0010111   11110101111010
0100001000000110        100                111   001101001001011
1000100010000011    1    01001001          1    0000010011110010
1111011111111100  1110    110111     00100     11000011100001110
111100000111111             0111    01100      11001110111101100
00011111000010                                   010101111010000
1011001111110                                    100111111100100
00110011101                                       11010100000010
111110111             __El AgusDios__             11100000001101
  101                                             00111111101000
                                                      1100010111
                                                          010011
                                                                
                                                                
                                                                
                                                                
                                                                
                                                                
                                                                
                                                                
